2.82678 3.16695e-32
0.723596 1.91969e-30
1.02446 5.22182e-31
2.69474 3.33241e-32
0.896376 8.54564e-31
1.53303 1.30173e-31
2.72056 3.29468e-32
2.1848 4.85175e-32
1.67144 9.95256e-32
2.17386 4.90748e-32
2.22411 4.66249e-32
1.96949 6.25427e-32
1.10744 3.94061e-31
2.33584 4.20725e-32
1.62024 1.09444e-31
0.737828 1.78203e-30
1.5093 1.36832e-31
1.30015 2.24544e-31
0.871271 9.50249e-31
0.849965 1.0427e-30
0.3904 2.12892e-29
1.15243 3.41905e-31
0.802109 1.2973e-30
2.68598 3.34583e-32
1.77169 8.37648e-32
2.57185 3.55218e-32
1.9869 6.11269e-32
1.5673 1.21376e-31
1.72317 9.08548e-32
0.772291 1.49767e-30
1.05941 4.62284e-31
0.60924 3.72347e-30
0.472289 1.00577e-29
1.94308 6.4808e-32
2.13733 5.10394e-32
1.91544 6.73391e-32
2.10835 5.27192e-32
0.564422 5.01023e-30
2.07161 5.50158e-32
0.585122 4.35532e-30
0.638982 3.09637e-30
1.57684 1.19086e-31
0.836367 1.10789e-30
1.04027 4.93874e-31
0.5232 6.73503e-30
0.636171 3.14957e-30
1.68985 9.62954e-32
0.521051 6.84427e-30
1.04839 4.80129e-31
2.55505 3.58784e-32
0.884969 8.96402e-31
1.39951 1.75151e-31
0.66786 2.61106e-30
1.32045 2.12986e-31
2.04065 5.71096e-32
0.743102 1.73426e-30
1.42206 1.66112e-31
0.428102 1.47995e-29
1.09653 4.08307e-31
1.58633 1.1687e-31
0.772608 1.49534e-30
1.59852 1.14114e-31
2.17596 4.89668e-32
1.23399 2.6888e-31
0.718316 1.97424e-30
1.47053 1.48833e-31
1.89208 6.96177e-32
2.01716 5.88022e-32
2.06892 5.51918e-32
1.51685 1.34658e-31
0.540624 5.92621e-30
1.16548 3.28545e-31
0.553458 5.40808e-30
1.41131 1.70336e-31
1.50714 1.37461e-31
1.36784 1.89067e-31
2.26832 4.46863e-32
1.88398 7.044e-32
2.77827 3.22e-32
1.24515 2.60598e-31
2.40222 3.98609e-32
0.668044 2.60828e-30
2.18425 4.85454e-32
2.39952 3.99445e-32
1.29711 2.2635e-31
1.87731 7.11292e-32
1.18551 3.0937e-31
0.430196 1.45179e-29
1.85496 7.35241e-32
1.74013 8.82711e-32
1.56802 1.21202e-31
2.13327 5.12682e-32
0.677454 2.47161e-30
0.420479 1.58852e-29
1.09525 4.10023e-31
0.619877 3.48203e-30
0.922547 7.67796e-31
1.27186 2.42157e-31
1.42032 1.66786e-31
1.82161 7.73622e-32
1.93415 6.56068e-32
1.40147 1.74337e-31
1.71146 9.27107e-32
2.11578 5.22779e-32
1.92859 6.61133e-32
2.0377 5.73165e-32
0.555831 5.31865e-30
0.623125 3.41231e-30
0.457409 1.14052e-29
2.37523 4.07207e-32
0.629674 3.27705e-30
1.10771 3.93717e-31
0.767973 1.52992e-30
0.671615 2.55531e-30
1.98405 6.13547e-32
2.03623 5.74209e-32
0.794199 1.34689e-30
1.41081 1.70536e-31
2.73811 3.27059e-32
2.49609 3.725e-32
0.643096 3.02055e-30
1.5317 1.30535e-31
1.25577 2.53044e-31
2.5773 3.54091e-32
0.763173 1.56684e-30
2.02227 5.84262e-32
1.87961 7.08896e-32
2.78636 3.21055e-32
1.4218 1.66215e-31
2.33668 4.20424e-32
2.81448 3.1796e-32
1.67523 9.88475e-32
0.95732 6.69536e-31
1.92 6.69094e-32
1.76158 8.51667e-32
0.964397 6.51596e-31
0.795685 1.33739e-30
1.43423 1.61512e-31
0.689307 2.31223e-30
2.8192 3.17468e-32
0.620181 3.47542e-30
1.95166 6.40563e-32
0.384016 2.27218e-29
1.29428 2.2805e-31
2.39493 4.00879e-32
1.02746 5.16638e-31
1.84777 7.43245e-32
0.908329 8.1342e-31
1.34667 1.99261e-31
2.01744 5.87815e-32
2.44322 3.86514e-32
1.94592 6.45573e-32
0.518696 6.96655e-30
0.617839 3.5267e-30
1.51852 1.34186e-31
2.26918 4.46506e-32
1.50037 1.39467e-31
2.68503 3.34731e-32
2.77918 3.21892e-32
1.15499 3.39233e-31
0.823519 1.17443e-30
1.17581 3.18456e-31
1.9567 6.36221e-32
2.03012 5.78567e-32
1.8471 7.44001e-32
0.565303 4.97988e-30
2.23997 4.59073e-32
2.16288 4.96487e-32
0.920208 7.75066e-31
0.9756 6.24473e-31
2.72909 3.28282e-32
1.37827 1.84315e-31
1.15877 3.35329e-31
0.314786 4.99191e-29
2.49779 3.72077e-32
0.323592 4.47453e-29
0.730977 1.84666e-30
0.343868 3.51683e-29
1.83835 7.53952e-32
2.14878 5.04063e-32
1.85687 7.33145e-32
2.7414 3.26621e-32
1.5635 1.22307e-31
1.64591 1.0429e-31
1.47431 1.47599e-31
2.10621 5.28477e-32
1.77176 8.37551e-32
2.03023 5.78488e-32
2.71163 3.30742e-32
0.373611 2.53272e-29
1.01815 5.34064e-31
2.49952 3.7165e-32
1.06647 4.51318e-31
1.11729 3.81779e-31
1.07053 4.45155e-31
2.67943 3.35608e-32
2.44574 3.85808e-32
2.20752 4.7403e-32
1.66691 1.00345e-31
1.34078 2.0223e-31
0.847907 1.05224e-30
0.505521 7.70428e-30
1.04285 4.89459e-31
0.363876 2.81145e-29
0.920481 7.74211e-31
1.28081 2.36384e-31
1.45746 1.53226e-31
1.25408 2.54225e-31
1.42047 1.66727e-31
0.610466 3.69457e-30
2.33843 4.19802e-32
0.72858 1.86998e-30
1.02423 5.22592e-31
0.748165 1.68993e-30
2.66619 3.37737e-32
2.02558 5.81846e-32
0.650176 2.89558e-30
0.954444 6.77011e-31
1.31807 2.14297e-31
1.24215 2.62791e-31
2.13971 5.09069e-32
1.01244 5.45145e-31
2.05729 5.59654e-32
1.57169 1.20315e-31
0.611745 3.66474e-30
0.694426 2.24747e-30
2.02682 5.80946e-32
2.12539 5.17181e-32
2.77628 3.22236e-32
2.06536 5.54265e-32
1.71458 9.22103e-32
2.02525 5.82086e-32
2.71522 3.30225e-32
1.81762 7.78436e-32
2.25052 4.54438e-32
2.61028 3.47589e-32
1.9703 6.24756e-32
2.0005 6.00614e-32
1.7673 8.4369e-32
2.70941 3.31063e-32
0.723631 1.91935e-30
1.15625 3.37922e-31
2.70636 3.31509e-32
0.589769 4.22352e-30
1.87064 7.18301e-32
2.7189 3.29702e-32
2.79035 3.20598e-32
0.491943 8.5713e-30
1.57665 1.1913e-31
2.025 5.8227e-32
1.7048 9.37922e-32
1.78947 8.1388e-32
2.05239 5.62974e-32
1.47692 1.46752e-31
1.75742 8.5755e-32
0.497352 8.21179e-30
1.9183 6.70697e-32
1.2887 2.31453e-31
0.869493 9.57545e-31
0.319768 4.69048e-29
1.55988 1.23204e-31
0.79499 1.34182e-30
0.370117 2.62858e-29
2.58513 3.525e-32
2.17053 4.92472e-32
1.43139 1.62571e-31
1.36396 1.90878e-31
2.22641 4.6519e-32
1.41435 1.69125e-31
0.794152 1.3472e-30
1.7646 8.47434e-32
0.647641 2.93955e-30
1.11294 3.87138e-31
1.53791 1.28863e-31
2.67435 3.36415e-32
2.66142 3.38522e-32
0.499287 8.08782e-30
1.85338 7.3699e-32
1.60786 1.12069e-31
1.88411 7.04264e-32
0.642507 3.03128e-30
1.93575 6.54625e-32
0.651311 2.87615e-30
1.95514 6.37554e-32
0.980705 6.12607e-31
1.27374 2.40931e-31
1.79753 8.03459e-32
1.99731 6.03085e-32
1.70735 9.33764e-32
0.36318 2.83284e-29
0.777474 1.46011e-30
2.80527 3.18942e-32
1.75597 8.59614e-32
1.91703 6.71891e-32
1.8092 7.88767e-32
1.60911 1.118e-31
1.14528 3.49545e-31
1.31128 2.18102e-31
2.53581 3.63052e-32
2.25311 4.53316e-32
1.8198 7.75801e-32
0.376304 2.46183e-29
0.344969 3.4726e-29
2.06956 5.51496e-32
0.982668 6.08123e-31
2.16569 4.95004e-32
2.82736 3.16637e-32
2.19859 4.78343e-32
1.53299 1.30186e-31
2.38434 4.04244e-32
1.87937 7.09149e-32
2.58242 3.53047e-32
0.456172 1.15272e-29
2.17166 4.91886e-32
1.25959 2.50397e-31
0.40665 1.81241e-29
2.26496 4.48272e-32
2.41866 3.93624e-32
1.18144 3.13136e-31
0.519852 6.90617e-30
0.873668 9.40526e-31
0.697374 2.21123e-30
1.32243 2.11907e-31
1.65025 1.03455e-31
2.3542 4.14275e-32
0.416644 1.64692e-29
0.610447 3.69503e-30
1.75977 8.54218e-32
2.40611 3.97411e-32
0.82848 1.14813e-30
0.914133 7.94379e-31
2.81971 3.17415e-32
0.964068 6.52415e-31
2.55614 3.58549e-32
2.44255 3.86702e-32
1.08469 4.24566e-31
0.398008 1.97272e-29
2.08959 5.38675e-32
0.800768 1.30554e-30
1.59336 1.15269e-31
0.368308 2.68001e-29
2.00492 5.97225e-32
2.35886 4.12678e-32
2.34309 4.18149e-32
1.52437 1.32547e-31
1.66509 1.00678e-31
2.27665 4.43424e-32
1.15824 3.35869e-31
2.07159 5.5017e-32
1.38445 1.81578e-31
2.38822 4.03004e-32
2.69075 3.33848e-32
1.70863 9.31685e-32
2.09983 5.32345e-32
1.26508 2.46664e-31
1.94361 6.47606e-32
0.428947 1.4685e-29
0.704916 2.12187e-30
2.5393 3.62264e-32
2.12765 5.15882e-32
2.73109 3.28007e-32
1.39562 1.76777e-31
0.64599 2.96865e-30
1.41832 1.67566e-31
1.48833 1.43139e-31
1.34481 2.00191e-31
1.01083 5.48324e-31
1.01413 5.41837e-31
2.71338 3.30489e-32
2.33573 4.20766e-32
2.74829 3.25717e-32
2.82674 3.167e-32
2.69463 3.33256e-32
0.938836 7.19559e-31
0.331011 4.08999e-29
1.43188 1.62387e-31
2.00823 5.94712e-32
1.56195 1.2269e-31
0.366961 2.71912e-29
2.40461 3.97873e-32
0.586965 4.30243e-30
0.548275 5.61012e-30
2.55149 3.59559e-32
1.43494 1.6125e-31
2.59346 3.50838e-32
1.70661 9.34963e-32
2.22283 4.6684e-32
2.36386 4.10985e-32
1.65366 1.02807e-31
0.452729 1.18757e-29
0.44984 1.21784e-29
2.57407 3.54758e-32
0.683378 2.39025e-30
1.52718 1.31768e-31
0.48331 9.18733e-30
1.0208 5.29037e-31
2.65866 3.38981e-32
1.58919 1.16215e-31
1.73291 8.93563e-32
2.32657 4.24085e-32
1.93745 6.53094e-32
1.09131 4.15367e-31
0.43431 1.39838e-29
0.947418 6.95742e-31
2.10834 5.27198e-32
2.00055 6.00576e-32
1.83541 7.57345e-32
0.686807 2.34472e-30
2.31284 4.2919e-32
1.98618 6.11843e-32
2.46125 3.81541e-32
2.35125 4.15293e-32
0.492964 8.50194e-30
0.487056 8.91333e-30
2.55215 3.59416e-32
2.21934 4.68458e-32
0.490869 8.64501e-30
2.45571 3.83049e-32
2.26284 4.49162e-32
2.03549 5.74733e-32
0.903655 8.29194e-31
1.47423 1.47625e-31
2.66768 3.37494e-32
1.98535 6.12507e-32
1.46946 1.49187e-31
2.5455 3.60877e-32
1.75834 8.56237e-32
0.389981 2.13796e-29
2.24273 4.57848e-32
1.18244 3.12207e-31
1.84505 7.46305e-32
0.860904 9.93836e-31
1.93211 6.57924e-32
1.75023 8.67873e-32
2.33059 4.22621e-32
2.73277 3.27778e-32
1.32392 2.11098e-31
2.81877 3.17512e-32
2.18893 4.8311e-32
1.44114 1.58982e-31
1.30887 2.19474e-31
0.624272 3.38811e-30
1.65277 1.02976e-31
2.40867 3.96631e-32
2.62052 3.45676e-32
2.38914 4.02711e-32
1.43487 1.61277e-31
0.985546 6.01628e-31
1.98398 6.13609e-32
2.24149 4.58397e-32
1.98792 6.1046e-32
1.58074 1.18168e-31
2.41313 3.9528e-32
1.87843 7.10118e-32
1.46408 1.50979e-31
1.70898 9.31107e-32
1.23355 2.69214e-31
1.96363 6.30333e-32
2.61893 3.45971e-32
1.00796 5.54052e-31
0.618804 3.50545e-30
2.74243 3.26484e-32
2.06701 5.5317e-32
1.42892 1.63499e-31
1.89801 6.90267e-32
1.23992 2.64439e-31
0.912801 7.98696e-31
1.06883 4.47723e-31
2.09942 5.32596e-32
0.433477 1.409e-29
1.55201 1.25188e-31
0.518373 6.98356e-30
0.620821 3.46158e-30
2.8101 3.18423e-32
1.2066 2.90795e-31
2.23647 4.60633e-32
2.58641 3.52242e-32
1.30969 2.19007e-31
2.36784 4.09651e-32
1.19123 3.04179e-31
0.983177 6.06967e-31
1.23779 2.66018e-31
2.20494 4.75271e-32
1.79146 8.1128e-32
1.54421 1.27202e-31
2.00678 5.95807e-32
1.13926 3.56162e-31
2.46036 3.81783e-32
2.40616 3.97397e-32
0.715249 2.00683e-30
1.12447 3.7314e-31
2.70221 3.32121e-32
0.553867 5.39252e-30
0.894775 8.60277e-31
2.4771 3.77338e-32
1.218 2.81386e-31
2.78934 3.20713e-32
0.394523 2.04242e-29
2.39678 4.00299e-32
1.61304 1.10959e-31
1.54418 1.27211e-31
2.7369 3.27221e-32
2.72723 3.28537e-32
2.02775 5.80273e-32
2.47756 3.7722e-32
1.45978 1.52433e-31
1.14955 3.44961e-31
0.462819 1.08903e-29
1.45078 1.55547e-31
0.86043 9.95891e-31
1.18277 3.11906e-31
1.69639 9.51883e-32
1.11243 3.87771e-31
2.55845 3.5805e-32
1.54578 1.26793e-31
0.958761 6.65829e-31
2.74952 3.25558e-32
2.60284 3.4901e-32
0.883963 9.00219e-31
1.13808 3.57472e-31
1.03472 5.0357e-31
0.672339 2.54474e-30
0.563681 5.0359e-30
0.797543 1.32563e-30
1.08919 4.18278e-31
2.50427 3.70483e-32
1.29722 2.26283e-31
2.29628 4.3556e-32
0.818865 1.19981e-30
2.79344 3.20248e-32
2.53303 3.63684e-32
0.590274 4.20951e-30
1.20457 2.92516e-31
1.71089 9.28021e-32
2.05007 5.64559e-32
1.93224 6.57798e-32
1.22674 2.74454e-31
0.512363 7.30945e-30
0.818876 1.19975e-30
2.11611 5.22584e-32
2.18492 4.85114e-32
2.24344 4.57536e-32
0.931023 7.42182e-31
1.99305 6.06411e-32
2.54341 3.61343e-32
1.23615 2.67246e-31
1.65011 1.03482e-31
1.57794 1.18824e-31
1.10469 3.97587e-31
1.87878 7.09763e-32
0.364183 2.8021e-29
2.01403 5.90355e-32
1.39441 1.77289e-31
0.899338 8.44119e-31
2.79632 3.19925e-32
1.08466 4.24607e-31
1.55732 1.23845e-31
2.19563 4.79791e-32
2.55561 3.58664e-32
0.427974 1.4817e-29
1.38874 1.79714e-31
0.884618 8.97729e-31
1.53077 1.30787e-31
0.727959 1.87609e-30
0.53987 5.95858e-30
1.27992 2.36952e-31
0.374064 2.52062e-29
1.14287 3.52172e-31
1.64929 1.03639e-31
1.5122 1.35992e-31
2.51951 3.66822e-32
1.45896 1.52714e-31
1.56402 1.2218e-31
1.30988 2.189e-31
2.54123 3.61829e-32
2.16411 4.95838e-32
0.587899 4.27593e-30
1.31425 2.1643e-31
2.43178 3.89776e-32
2.39063 4.02238e-32
2.66823 3.37404e-32
0.931393 7.4109e-31
1.92187 6.67349e-32
1.55405 1.24671e-31
0.498758 8.12149e-30
2.27486 4.44156e-32
0.419999 1.59569e-29
2.07626 5.47143e-32
2.67795 3.35842e-32
2.07483 5.48066e-32
2.26637 4.47679e-32
0.798574 1.31916e-30
0.331564 4.06299e-29
2.43281 3.89479e-32
2.62467 3.44916e-32
0.922581 7.6769e-31
0.791934 1.36154e-30
2.16163 4.97148e-32
0.727649 1.87914e-30
2.80307 3.1918e-32
2.78433 3.2129e-32
1.96581 6.28502e-32
0.361343 2.89026e-29
2.22323 4.66652e-32
1.21282 2.85606e-31
1.59346 1.15247e-31
2.17122 4.92118e-32
1.74151 8.8066e-32
1.04064 4.9324e-31
1.35721 1.94089e-31
2.77982 3.21817e-32
1.23373 2.69079e-31
1.61573 1.10389e-31
2.43589 3.88595e-32
2.74732 3.25844e-32
0.964832 6.50514e-31
1.51628 1.3482e-31
1.41332 1.69536e-31
1.26769 2.44917e-31
0.82456 1.16885e-30
1.69852 9.48313e-32
0.956408 6.71894e-31
1.69671 9.51352e-32
2.50191 3.71061e-32
0.920437 7.7435e-31
0.709015 2.07525e-30
0.862709 9.86065e-31
0.606397 3.79159e-30
2.19665 4.79294e-32
0.711987 2.04227e-30
1.51137 1.36231e-31
1.68472 9.71798e-32
2.52327 3.65939e-32
0.357247 3.02359e-29
1.67882 9.82103e-32
1.11343 3.86533e-31
2.29664 4.35418e-32
2.50503 3.70296e-32
2.17019 4.92652e-32
0.546217 5.69297e-30
1.07166 4.43473e-31
1.91537 6.73457e-32
1.75066 8.67249e-32
2.10565 5.28815e-32
1.93343 6.56718e-32
0.893409 8.65197e-31
2.7563 3.24691e-32
2.74238 3.26491e-32
1.04774 4.81206e-31
0.754701 1.63485e-30
1.10052 4.03023e-31
2.78886 3.20768e-32
1.74268 8.78917e-32
2.43654 3.88408e-32
0.677161 2.47572e-30
1.47012 1.4897e-31
1.84197 7.498e-32
0.77691 1.46413e-30
1.17572 3.18541e-31
1.83829 7.54016e-32
2.42078 3.92995e-32
0.782102 1.42758e-30
0.390247 2.13221e-29
1.08672 4.21716e-31
0.629037 3.2899e-30
0.993736 5.83639e-31
2.51117 3.6881e-32
1.24535 2.60453e-31
2.56161 3.57374e-32
1.33956 2.02854e-31
2.53056 3.6425e-32
1.94264 6.48468e-32
0.909772 8.08631e-31
1.6432 1.04816e-31
1.05239 4.73552e-31
0.551212 5.49445e-30
2.66291 3.38276e-32
0.619973 3.47995e-30
1.19301 3.02588e-31
0.482616 9.23925e-30
1.92818 6.61515e-32
2.05447 5.61561e-32
1.15592 3.38261e-31
1.25474 2.53764e-31
1.10304 3.9973e-31
1.66816 1.00119e-31
0.561949 5.09661e-30
1.54696 1.26488e-31
1.14036 3.54936e-31
2.09789 5.33529e-32
2.53011 3.64354e-32
1.30188 2.23528e-31
2.46111 3.81581e-32
1.47976 1.45842e-31
1.6388 1.0568e-31
1.55398 1.24687e-31
0.987175 5.97992e-31
1.77959 8.2694e-32
0.458299 1.13184e-29
2.72523 3.28814e-32
2.25294 4.5339e-32
0.421522 1.57307e-29
1.56686 1.21484e-31
0.445589 1.26418e-29
1.72549 9.04942e-32
2.72781 3.28457e-32
1.87193 7.16932e-32
1.64275 1.04904e-31
2.06902 5.51854e-32
0.782036 1.42804e-30
1.70651 9.35134e-32
1.9883 6.10157e-32
0.698014 2.20346e-30
2.69863 3.32654e-32
0.783704 1.41655e-30
1.77315 8.35653e-32
2.45302 3.83787e-32
0.582742 4.42482e-30
2.01279 5.91283e-32
2.31484 4.28437e-32
1.967 6.275e-32
0.337657 3.78014e-29
0.832566 1.12705e-30
1.91366 6.75087e-32
0.410308 1.7495e-29
2.01743 5.87823e-32
2.01795 5.87437e-32
2.00229 5.99242e-32
1.31021 2.18709e-31
1.97693 6.19304e-32
1.90597 6.82476e-32
2.73224 3.27851e-32
2.80912 3.18528e-32
0.56384 5.03038e-30
0.484794 9.07756e-30
1.38485 1.81405e-31
2.69434 3.333e-32
2.09438 5.35696e-32
1.4874 1.43429e-31
0.426845 1.4972e-29
2.19555 4.79833e-32
2.01909 5.86597e-32
0.844262 1.06941e-30
1.31567 2.15631e-31
2.71101 3.30831e-32
0.386799 2.20829e-29
2.666 3.37768e-32
2.44273 3.86652e-32
1.97986 6.16928e-32
2.49546 3.72659e-32
1.95372 6.38781e-32
1.45218 1.55055e-31
1.08128 4.294e-31
1.19892 2.97379e-31
1.01698 5.36315e-31
0.907407 8.16502e-31
0.382026 2.31929e-29
1.95297 6.39425e-32
2.10361 5.30045e-32
1.87222 7.16631e-32
0.629422 3.28213e-30
1.45214 1.55068e-31
2.63223 3.4355e-32
0.617874 3.52593e-30
1.32904 2.08347e-31
0.968341 6.41874e-31
2.27161 4.45498e-32
1.99263 6.06742e-32
0.381488 2.33224e-29
1.54901 1.25957e-31
2.61396 3.46897e-32
2.08357 5.42467e-32
1.893 6.95258e-32
1.76768 8.43157e-32
1.8954 6.9286e-32
2.14988 5.03462e-32
1.92597 6.63548e-32
1.47959 1.45896e-31
1.85804 7.3186e-32
0.953714 6.78927e-31
2.3466 4.16913e-32
0.889658 8.78885e-31
1.44633 1.57117e-31
2.51135 3.68765e-32
0.823786 1.173e-30
1.63039 1.0736e-31
0.632134 3.22801e-30
1.77036 8.39469e-32
0.972347 6.32191e-31
0.83634 1.10802e-30
1.70359 9.39912e-32
2.45395 3.83531e-32
1.60496 1.12698e-31
1.71722 9.17906e-32
1.98837 6.10101e-32
2.82486 3.1689e-32
0.762211 1.57438e-30
0.607558 3.76359e-30
0.486131 8.98001e-30
1.87921 7.09315e-32
1.10454 3.97784e-31
2.55054 3.59767e-32
2.34106 4.18866e-32
1.39466 1.77184e-31
1.63286 1.06861e-31
1.45186 1.55169e-31
1.89939 6.88908e-32
1.73817 8.85637e-32
2.72404 3.28981e-32
2.59634 3.50272e-32
2.07571 5.47497e-32
1.26173 2.48936e-31
2.03273 5.76699e-32
0.81201 1.23851e-30
1.86586 7.23396e-32
1.35397 1.9566e-31
2.38406 4.04335e-32
2.21313 4.71366e-32
2.08124 5.4395e-32
1.22973 2.72135e-31
2.37451 4.07443e-32
2.20309 4.76161e-32
0.43673 1.36813e-29
1.6426 1.04933e-31
1.86422 7.25158e-32
0.995113 5.80685e-31
2.32689 4.23967e-32
0.905217 8.2388e-31
2.58562 3.524e-32
0.964599 6.51094e-31
0.79504 1.3415e-30
0.34535 3.45745e-29
2.45902 3.82145e-32
1.87492 7.13782e-32
2.46517 3.80487e-32
0.666285 2.63491e-30
2.50746 3.69705e-32
2.09567 5.34899e-32
0.546991 5.66162e-30
0.366311 2.73827e-29
2.28114 4.41593e-32
0.389765 2.14265e-29
1.58238 1.17784e-31
0.519298 6.93503e-30
2.25816 4.5115e-32
2.50719 3.69772e-32
2.52592 3.65322e-32
2.5347 3.63304e-32
2.50681 3.69864e-32
1.46705 1.49984e-31
2.58188 3.53155e-32
1.69119 9.60666e-32
0.454874 1.16571e-29
1.79996 8.00368e-32
1.7315 8.95709e-32
2.26479 4.48344e-32
1.05701 4.66098e-31
0.416836 1.64394e-29
1.31587 2.15523e-31
1.02359 5.23787e-31
2.34166 4.18653e-32
1.58879 1.16306e-31
2.04367 5.68982e-32
1.55739 1.23828e-31
1.45656 1.53538e-31
1.37345 1.86487e-31
0.41281 1.70807e-29
0.54336 5.81063e-30
1.30393 2.22331e-31
0.654389 2.82433e-30
2.74864 3.25671e-32
2.35412 4.14302e-32
1.1334 3.62759e-31
2.73193 3.27893e-32
0.566193 4.94947e-30
0.572837 4.72982e-30
1.08639 4.22183e-31
1.15279 3.41527e-31
2.47046 3.7908e-32
1.6284 1.07763e-31
1.86108 7.28549e-32
2.78109 3.21668e-32
2.31846 4.27083e-32
0.813822 1.22812e-30
1.46198 1.51686e-31
1.74917 8.69412e-32
0.854284 1.02304e-30
2.03935 5.72003e-32
1.01436 5.41383e-31
0.765895 1.54577e-30
1.31318 2.17029e-31
0.723468 1.92099e-30
2.33137 4.22338e-32
0.524384 6.67579e-30
1.91831 6.70687e-32
0.894365 8.61751e-31
1.7721 8.37088e-32
2.48636 3.74952e-32
2.65839 3.39027e-32
2.37855 4.06121e-32
1.52201 1.33203e-31
1.91354 6.752e-32
0.77034 1.51213e-30
1.49339 1.41579e-31
1.09146 4.15171e-31
1.99506 6.04834e-32
2.1296 5.14767e-32
1.75893 8.55402e-32
1.6408 1.05285e-31
2.34798 4.16431e-32
2.79447 3.20133e-32
1.12811 3.68859e-31
1.8382 7.54121e-32
2.22314 4.66695e-32
2.30208 4.33302e-32
0.489912 8.71138e-30
1.69763 9.49805e-32
0.337528 3.78586e-29
2.28615 4.39575e-32
2.04592 5.67424e-32
2.73592 3.27353e-32
1.61212 1.11156e-31
1.21185 2.86413e-31
1.5264 1.31983e-31
1.39477 1.77139e-31
2.81815 3.17577e-32
1.82508 7.69475e-32
2.28709 4.39198e-32
2.7534 3.25059e-32
1.54027 1.28237e-31
0.552736 5.43564e-30
2.77549 3.2233e-32
0.617958 3.52407e-30
1.89818 6.90107e-32
0.802357 1.29579e-30
0.849692 1.04396e-30
0.35085 3.24777e-29
1.2357 2.67584e-31
1.16893 3.25131e-31
2.12821 5.15564e-32
1.23787 2.6596e-31
0.367022 2.71734e-29
0.645127 2.98401e-30
1.78885 8.14688e-32
2.15791 4.99129e-32
2.48471 3.75374e-32
0.658464 2.75753e-30
0.445923 1.26047e-29
1.33511 2.05154e-31
0.921509 7.71009e-31
1.50156 1.39112e-31
2.50628 3.69993e-32
1.45699 1.53388e-31
0.494057 8.42845e-30
1.10348 3.99156e-31
1.55276 1.24998e-31
2.17831 4.88468e-32
2.06034 5.57603e-32
2.78438 3.21284e-32
1.11777 3.81182e-31
2.33534 4.20904e-32
0.448539 1.2318e-29
2.18945 4.82848e-32
1.07687 4.35769e-31
0.548099 5.61716e-30
2.66289 3.38279e-32
2.19124 4.81958e-32
0.565608 4.96943e-30
2.12446 5.17716e-32
0.843841 1.07142e-30
2.73469 3.27519e-32
2.19708 4.79084e-32
2.17303 4.91178e-32
1.59611 1.14652e-31
0.53355 6.23885e-30
1.94784 6.43888e-32
0.521165 6.83843e-30
2.14111 5.08287e-32
1.65277 1.02974e-31
2.19737 4.7894e-32
2.47876 3.76907e-32
0.401368 1.90834e-29
0.548202 5.61304e-30
1.961 6.32553e-32
2.72569 3.28751e-32
1.53827 1.28769e-31
2.47531 3.77805e-32
0.527271 6.53412e-30
2.12005 5.20275e-32
2.45275 3.8386e-32
2.37224 4.0819e-32
2.11435 5.23619e-32
1.34014 2.0256e-31
1.91407 6.74692e-32
1.63071 1.07295e-31
1.24919 2.57685e-31
1.20242 2.94357e-31
1.81722 7.78923e-32
0.559171 5.19596e-30
1.00871 5.52548e-31
1.47653 1.46878e-31
1.88947 6.98813e-32
0.734769 1.81052e-30
1.04567 4.84679e-31
1.26675 2.45542e-31
2.56921 3.55769e-32
2.62682 3.44524e-32
2.54968 3.59956e-32
1.45741 1.53244e-31
1.42673 1.64327e-31
1.5949 1.14924e-31
1.25495 2.53617e-31
1.33695 2.042e-31
2.76838 3.23188e-32
1.23905 2.6508e-31
0.596899 4.03103e-30
0.922534 7.67834e-31
2.06184 5.56604e-32
2.73793 3.27083e-32
2.61971 3.45827e-32
0.457159 1.14297e-29
1.9524 6.39917e-32
2.62258 3.45298e-32
0.475741 9.77425e-30
2.71762 3.29883e-32
1.47657 1.46864e-31
1.47096 1.48691e-31
0.963611 6.53557e-31
1.39613 1.76562e-31
1.04912 4.78914e-31
2.18545 4.84849e-32
0.493308 8.47869e-30
0.755438 1.62878e-30
1.40252 1.73903e-31
1.04229 4.90413e-31
1.67767 9.84144e-32
1.95123 6.40932e-32
2.76171 3.24011e-32
0.783513 1.41786e-30
1.37085 1.87678e-31
2.67173 3.36837e-32
2.12697 5.16274e-32
1.11207 3.88226e-31
2.15248 5.02048e-32
2.7705 3.22931e-32
0.372068 2.57451e-29
0.961355 6.59228e-31
2.23646 4.60639e-32
1.45133 1.55355e-31
2.30371 4.32671e-32
0.893779 8.63861e-31
1.14996 3.4452e-31
1.28084 2.36365e-31
2.06799 5.52531e-32
0.41252 1.7128e-29
1.34562 1.99786e-31
2.66659 3.37672e-32
1.42244 1.65965e-31
1.61127 1.11337e-31
0.589573 4.22898e-30
0.775288 1.4758e-30
1.53918 1.28525e-31
1.049 4.79111e-31
1.84879 7.42096e-32
2.6907 3.33855e-32
0.975511 6.24681e-31
2.80385 3.19096e-32
0.848242 1.05068e-30
2.56911 3.55789e-32
0.852125 1.03281e-30
0.991461 5.88563e-31
1.46824 1.4959e-31
2.36209 4.11584e-32
0.530321 6.38852e-30
2.45707 3.82676e-32
2.295 4.36061e-32
2.39588 4.00582e-32
0.830814 1.13603e-30
0.583578 4.40024e-30
2.455 3.83243e-32
0.667664 2.614e-30
2.03595 5.74405e-32
1.94684 6.44764e-32
1.56861 1.21059e-31
1.23386 2.68976e-31
2.62729 3.44441e-32
0.835663 1.1114e-30
1.8876 7.00705e-32
1.19617 2.99789e-31
2.36104 4.1194e-32
1.66685 1.00357e-31
2.75996 3.24229e-32
1.99643 6.03772e-32
2.74508 3.26136e-32
0.59964 3.95999e-30
1.424 1.6537e-31
0.376479 2.4573e-29
1.06036 4.60787e-31
1.12218 3.75865e-31
2.00679 5.95807e-32
1.4754 1.47245e-31
2.80179 3.1932e-32
1.53903 1.28565e-31
0.598231 3.99629e-30
0.371785 2.58227e-29
2.03137 5.77672e-32
1.26549 2.46387e-31
1.54974 1.25768e-31
2.17454 4.90399e-32
0.504399 7.77161e-30
2.33091 4.22505e-32
1.08824 4.19594e-31
0.324358 4.43279e-29
0.606351 3.79272e-30
2.05765 5.59409e-32
0.764744 1.55463e-30
0.544508 5.76301e-30
1.19849 2.97757e-31
2.17037 4.92557e-32
1.60293 1.13142e-31
2.12241 5.18903e-32
2.38623 4.03639e-32
0.316915 4.8602e-29
2.34728 4.16674e-32
1.16844 3.25613e-31
1.82116 7.74165e-32
1.42479 1.65064e-31
1.43831 1.60011e-31
0.974205 6.27766e-31
1.36391 1.909e-31
1.006 5.58015e-31
1.37895 1.84009e-31
2.5851 3.52504e-32
1.89563 6.92629e-32
1.72842 9.00425e-32
2.58875 3.51772e-32
2.26345 4.48906e-32
0.853115 1.02831e-30
1.68046 9.79227e-32
2.03894 5.72293e-32
0.321639 4.58324e-29
0.786135 1.4e-30
1.98734 6.10925e-32
2.19355 4.80817e-32
1.65784 1.02021e-31
2.1487 5.04107e-32
1.80928 7.88666e-32
1.47544 1.4723e-31
2.44619 3.8568e-32
0.471426 1.01301e-29
2.17499 4.9017e-32
1.71021 9.29115e-32
0.588493 4.25918e-30
1.42752 1.64025e-31
2.27563 4.43839e-32
2.82147 3.17234e-32
0.966881 6.4545e-31
0.99752 5.75568e-31
1.40317 1.73636e-31
2.19912 4.78089e-32
2.69862 3.32655e-32
2.63702 3.42699e-32
1.2292 2.72543e-31
1.43656 1.60654e-31
1.53047 1.30869e-31
1.82625 7.6808e-32
1.19642 2.99562e-31
0.87201 9.47239e-31
2.55332 3.5916e-32
2.45581 3.83019e-32
0.379849 2.37227e-29
0.764544 1.55618e-30
2.26588 4.47885e-32
2.26139 4.49779e-32
1.51773 1.34409e-31
0.596572 4.0396e-30
1.76029 8.53476e-32
1.15928 3.348e-31
1.61744 1.1003e-31
0.468729 1.03609e-29
0.815445 1.21892e-30
0.789201 1.37949e-30
1.19611 2.9984e-31
0.84865 1.04878e-30
0.618198 3.51878e-30
0.668097 2.60749e-30
1.65872 1.01856e-31
1.74696 8.7263e-32
1.44076 1.59121e-31
0.505811 7.68703e-30
1.52904 1.31258e-31
2.52114 3.66439e-32
2.64595 3.41139e-32
0.728464 1.87112e-30
1.0892 4.18271e-31
1.66087 1.01456e-31
1.18296 3.11723e-31
2.30146 4.33542e-32
0.899141 8.44807e-31
2.27382 4.44584e-32
2.73513 3.2746e-32
2.05226 5.63063e-32
0.764886 1.55354e-30
1.09921 4.04752e-31
1.83606 7.56594e-32
1.16321 3.30817e-31
1.19399 3.01708e-31
0.741675 1.74702e-30
2.22206 4.67193e-32
2.24019 4.58975e-32
2.7686 3.23161e-32
0.645814 2.97178e-30
0.658494 2.75705e-30
2.5394 3.6224e-32
1.13999 3.55343e-31
1.12676 3.70434e-31
2.31916 4.2682e-32
2.26657 4.47596e-32
0.443767 1.28472e-29
2.38433 4.0425e-32
1.7839 8.21202e-32
0.359959 2.93448e-29
0.484288 9.11483e-30
1.73402 8.91885e-32
0.33173 4.05497e-29
1.98125 6.158e-32
1.52027 1.33693e-31
2.56924 3.55762e-32
0.709945 2.06485e-30
0.565706 4.9661e-30
0.356185 3.05944e-29
1.37883 1.84064e-31
2.27256 4.45105e-32
0.727959 1.87608e-30
1.61484 1.10577e-31
0.383015 2.29572e-29
0.462646 1.09063e-29
1.9501 6.41915e-32
0.863027 9.84701e-31
1.32195 2.12169e-31
0.699707 2.18309e-30
0.482576 9.24228e-30
2.6302 3.43915e-32
0.828963 1.14561e-30
1.35921 1.93131e-31
0.518459 6.97903e-30
1.76401 8.48262e-32
0.502206 7.9053e-30
1.8396 7.52513e-32
0.639195 3.09238e-30
1.41365 1.69404e-31
1.6423 1.04991e-31
2.76247 3.23916e-32
1.06009 4.61207e-31
1.91125 6.77388e-32
0.781882 1.42911e-30
2.74972 3.25533e-32
0.926403 7.56002e-31
2.38048 4.05492e-32
0.561582 5.1096e-30
2.82286 3.17093e-32
1.30897 2.19419e-31
1.98291 6.1446e-32
1.6866 9.68538e-32
0.662152 2.69882e-30
2.3196 4.26658e-32
0.427124 1.49334e-29
2.37564 4.0707e-32
1.24927 2.5763e-31
1.81226 7.8499e-32
2.19997 4.77674e-32
1.61964 1.09569e-31
1.20488 2.92256e-31
1.74899 8.69674e-32
1.05812 4.64327e-31
2.65987 3.38779e-32
0.552862 5.43084e-30
1.55029 1.25628e-31
1.11157 3.88846e-31
2.74968 3.25537e-32
0.61561 3.57641e-30
1.68757 9.66868e-32
2.38012 4.0561e-32
1.30708 2.20506e-31
0.915373 7.90386e-31
2.24338 4.57561e-32
1.65723 1.02135e-31
0.750772 1.66768e-30
0.586724 4.30928e-30
1.60702 1.12251e-31
1.51003 1.3662e-31
1.75665 8.58648e-32
2.67395 3.3648e-32
2.18672 4.8421e-32
2.43932 3.87617e-32
2.44043 3.87301e-32
1.1742 3.20006e-31
0.7339 1.81873e-30
2.44707 3.85435e-32
2.78425 3.21299e-32
0.428754 1.47111e-29
2.25008 4.54629e-32
0.902057 8.34677e-31
2.16048 4.97756e-32
2.03006 5.78609e-32
1.48336 1.44697e-31
0.836724 1.10611e-30
0.560176 5.15974e-30
2.76229 3.23939e-32
2.06969 5.5141e-32
1.32559 2.10194e-31
1.60493 1.12706e-31
2.1192 5.20771e-32
1.79839 8.02357e-32
1.61794 1.09925e-31
0.554477 5.36942e-30
0.607039 3.77608e-30
2.12001 5.20299e-32
2.1128 5.24539e-32
1.21819 2.81237e-31
0.475321 9.80817e-30
1.42601 1.64601e-31
1.61316 1.10935e-31
0.367372 2.70713e-29
2.00613 5.96303e-32
1.07663 4.3613e-31
2.39907 3.99584e-32
2.78577 3.21123e-32
1.50033 1.39478e-31
1.55475 1.24493e-31
1.53598 1.29381e-31
2.68814 3.34249e-32
2.09052 5.3809e-32
2.46955 3.79323e-32
0.638498 3.10545e-30
2.67959 3.35583e-32
0.937268 7.24029e-31
2.69486 3.33221e-32
1.60142 1.13475e-31
0.541778 5.87713e-30
1.49121 1.42248e-31
0.590115 4.21391e-30
0.504822 7.74616e-30
1.39615 1.76555e-31
2.30971 4.30378e-32
0.796531 1.33202e-30
0.924466 7.61896e-31
2.3158 4.28077e-32
1.5706 1.20576e-31
2.5532 3.59186e-32
2.5047 3.70377e-32
1.87634 7.12304e-32
1.96386 6.30136e-32
1.22313 2.77289e-31
1.42296 1.65768e-31
1.73216 8.94709e-32
1.57668 1.19123e-31
2.74165 3.26588e-32
1.1563 3.37869e-31
2.2802 4.41977e-32
1.96425 6.29812e-32
0.992343 5.86647e-31
0.455438 1.16004e-29
0.828626 1.14737e-30
2.27416 4.44443e-32
0.488627 8.80152e-30
1.0321 5.08243e-31
0.992094 5.87188e-31
0.738305 1.77764e-30
2.28186 4.41301e-32
2.76195 3.2398e-32
2.26641 4.47663e-32
0.670225 2.57577e-30
2.43443 3.89013e-32
2.04778 5.66136e-32
0.321416 4.59588e-29
1.16658 3.27444e-31
2.37248 4.08113e-32
0.364852 2.78183e-29
0.745827 1.71022e-30
1.54268 1.27602e-31
2.11338 5.24194e-32
2.567 3.56233e-32
2.61877 3.46001e-32
2.03333 5.76269e-32
0.843932 1.07099e-30
1.25956 2.5042e-31
1.86508 7.2423e-32
0.642566 3.0302e-30
2.06284 5.55933e-32
0.563343 5.04769e-30
1.73063 8.97037e-32
1.00234 5.65506e-31
0.899277 8.44334e-31
1.30932 2.19218e-31
2.01801 5.87396e-32
1.71075 9.28251e-32
2.01498 5.89641e-32
1.7741 8.34355e-32
1.87862 7.09924e-32
0.411795 1.72472e-29
1.36754 1.89206e-31
2.30205 4.33314e-32
1.78294 8.22468e-32
2.54009 3.62085e-32
0.591836 4.16654e-30
0.740586 1.75684e-30
2.69328 3.33462e-32
2.6216 3.45478e-32
0.540399 5.93586e-30
0.992389 5.86547e-31
0.352126 3.20144e-29
2.71023 3.30943e-32
2.4526 3.83901e-32
1.11112 3.89412e-31
0.839678 1.09154e-30
2.78804 3.20862e-32
0.866543 9.69812e-31
1.71217 9.25966e-32
0.477491 9.63446e-30
2.60856 3.47916e-32
1.32418 2.10958e-31
1.46313 1.51298e-31
1.87276 7.16056e-32
0.911368 8.03376e-31
1.3194 2.13565e-31
1.68697 9.67899e-32
0.587352 4.29143e-30
1.89656 6.91709e-32
0.386846 2.20721e-29
1.10097 4.02425e-31
2.81526 3.17877e-32
0.759562 1.59537e-30
0.39424 2.04821e-29
1.23334 2.69372e-31
0.474356 9.88675e-30
1.6891 9.64238e-32
0.426 1.50893e-29
2.68303 3.35042e-32
1.97375 6.21909e-32
1.96328 6.30625e-32
1.69792 9.49324e-32
1.83892 7.53288e-32
1.83582 7.56862e-32
1.62166 1.09147e-31
0.669428 2.58759e-30
1.12411 3.73564e-31
2.38505 4.04017e-32
0.502547 7.88433e-30
2.42526 3.91675e-32
2.58067 3.53402e-32
1.78422 8.20779e-32
1.20026 2.96218e-31
1.82272 7.72292e-32
2.72407 3.28976e-32
0.938912 7.19344e-31
1.66242 1.01168e-31
0.57006 4.82009e-30
2.6628 3.38294e-32
1.82319 7.7173e-32
2.42437 3.91936e-32
2.48836 3.74446e-32
0.537741 6.05118e-30
2.45092 3.84367e-32
1.18536 3.0951e-31
0.788418 1.3847e-30
0.816616 1.21233e-30
1.52392 1.32673e-31
1.31129 2.18099e-31
2.70912 3.31106e-32
0.730889 1.84751e-30
0.820673 1.18986e-30
2.12683 5.16355e-32
1.86336 7.26086e-32
0.330913 4.09478e-29
1.17462 3.196e-31
2.47447 3.78027e-32
1.9333 6.56844e-32
0.338988 3.7217e-29
1.33311 2.06201e-31
2.16256 4.96656e-32
1.45768 1.53151e-31
1.31428 2.16413e-31
1.57006 1.20707e-31
2.54194 3.61672e-32
1.91948 6.69583e-32
1.15202 3.42339e-31
0.688565 2.32181e-30
2.32872 4.233e-32
0.890223 8.76806e-31
2.61588 3.46537e-32
1.67857 9.82555e-32
2.27884 4.42529e-32
1.42225 1.66039e-31
2.22998 4.63561e-32
1.23405 2.68831e-31
1.03777 4.98202e-31
2.61914 3.45932e-32
0.488312 8.82381e-30
0.856097 1.01493e-30
1.65411 1.02721e-31
1.90467 6.83738e-32
1.71518 9.21153e-32
0.469856 1.02637e-29
0.688765 2.31922e-30
0.446399 1.25518e-29
2.72359 3.29044e-32
1.03097 5.10261e-31
2.56844 3.5593e-32
2.0045 5.9755e-32
1.50579 1.37857e-31
1.7581 8.56585e-32
1.66852 1.00052e-31
2.7519 3.25251e-32
2.7688 3.23137e-32
1.20205 2.94674e-31
1.75738 8.57607e-32
0.54722 5.65243e-30
0.989 5.93952e-31
0.910259 8.07024e-31
1.45872 1.52795e-31
0.53484 6.18033e-30
2.04052 5.71184e-32
1.16147 3.32576e-31
2.5935 3.5083e-32
0.937338 7.23826e-31
0.990807 5.8999e-31
0.709324 2.07179e-30
2.40075 3.99064e-32
1.24177 2.63072e-31
1.3345 2.05472e-31
2.51528 3.67826e-32
1.91133 6.77309e-32
0.910904 8.04898e-31
2.54173 3.61718e-32
0.911082 8.04313e-31
1.24069 2.63867e-31
0.733345 1.82399e-30
0.349404 3.30132e-29
2.27464 4.44246e-32
1.99663 6.03609e-32
0.620429 3.47005e-30
0.509805 7.454e-30
0.593575 4.11935e-30
1.94632 6.4522e-32
2.45443 3.83399e-32
2.11327 5.24263e-32
2.51249 3.68493e-32
0.467346 1.04818e-29
2.63498 3.4306e-32
0.688189 2.32669e-30
0.452345 1.19154e-29
1.85838 7.31491e-32
1.80728 7.91152e-32
0.768286 1.52755e-30
0.908551 8.12682e-31
2.33309 4.21716e-32
2.79871 3.19659e-32
1.32275 2.11731e-31
0.865059 9.76062e-31
1.69775 9.49597e-32
1.33055 2.07546e-31
1.54861 1.2606e-31
1.2001 2.96352e-31
0.741281 1.75056e-30
1.07942 4.32082e-31
0.911159 8.04061e-31
1.91119 6.77446e-32
1.06622 4.51698e-31
0.365455 2.76371e-29
2.42563 3.91566e-32
0.98793 5.96316e-31
0.915146 7.91114e-31
2.17677 4.89252e-32
2.76271 3.23886e-32
1.0519 4.74344e-31
2.51258 3.68472e-32
2.5635 3.56971e-32
0.595932 4.05646e-30
1.38289 1.82264e-31
2.1112 5.25487e-32
2.16712 4.94254e-32
0.534565 6.19274e-30
2.63596 3.42886e-32
2.81636 3.17763e-32
1.13029 3.66322e-31
1.67772 9.84056e-32
0.507013 7.61594e-30
2.36613 4.10225e-32
1.74345 8.77777e-32
0.367682 2.69811e-29
2.6517 3.40154e-32
2.29279 4.36931e-32
2.11074 5.25762e-32
0.855191 1.01897e-30
0.462442 1.09252e-29
1.27819 2.38059e-31
1.97814 6.18325e-32
1.0907 4.16203e-31
0.427069 1.4941e-29
0.376117 2.46668e-29
1.79381 8.08238e-32
2.09688 5.34155e-32
2.68094 3.3537e-32
0.982269 6.0903e-31
1.6046 1.12777e-31
2.35702 4.13308e-32
1.61617 1.10296e-31
2.33814 4.19904e-32
1.57138 1.20388e-31
0.376792 2.44926e-29
0.845602 1.06306e-30
1.66217 1.01216e-31
1.0524 4.73539e-31
1.80662 7.91979e-32
1.31717 2.14798e-31
1.80252 7.97121e-32
2.43272 3.89504e-32
0.858366 1.0049e-30
1.81338 7.83614e-32
0.330169 4.13145e-29
2.61416 3.46859e-32
1.97418 6.21554e-32
2.2463 4.56278e-32
2.4802 3.76534e-32
1.62201 1.09075e-31
1.71763 9.17254e-32
0.94462 7.03394e-31
2.12435 5.17778e-32
0.912964 7.98165e-31
1.26129 2.49232e-31
2.0625 5.56159e-32
1.43008 1.63063e-31
2.37355 4.07758e-32
0.406823 1.80937e-29
1.352 1.96621e-31
1.82555 7.68912e-32
1.71268 9.25153e-32
1.66561 1.00583e-31
1.02111 5.28445e-31
2.70481 3.31735e-32
1.37701 1.84877e-31
1.73861 8.84973e-32
1.3629 1.91379e-31
1.19997 2.96464e-31
2.74801 3.25754e-32
2.34579 4.17197e-32
2.81637 3.17761e-32
2.5391 3.62308e-32
1.37949 1.83768e-31
2.49629 3.72452e-32
0.717501 1.98283e-30
0.862755 9.85866e-31
2.17819 4.88528e-32
2.7996 3.19562e-32
2.00423 5.9775e-32
0.722033 1.93564e-30
2.26473 4.48367e-32
1.7916 8.11102e-32
2.63653 3.42786e-32
2.27707 4.43249e-32
1.61081 1.11435e-31
0.768385 1.52681e-30
0.992017 5.87354e-31
0.755078 1.63174e-30
2.66791 3.37456e-32
2.4994 3.71681e-32
2.27341 4.44752e-32
2.79258 3.20345e-32
1.61969 1.09559e-31
2.22707 4.64889e-32
2.01579 5.89038e-32
1.51885 1.34093e-31
2.81425 3.17983e-32
1.18196 3.12655e-31
1.27912 2.37459e-31
0.490724 8.655e-30
0.328571 4.21169e-29
2.4767 3.77443e-32
0.615136 3.58709e-30
2.64785 3.40812e-32
2.40703 3.97131e-32
2.0997 5.32421e-32
1.84354 7.48024e-32
2.38413 4.04314e-32
2.02611 5.81463e-32
0.925957 7.57355e-31
2.06989 5.51283e-32
0.975398 6.24948e-31
1.39525 1.76935e-31
1.77898 8.27757e-32
2.08873 5.39209e-32
0.67316 2.53281e-30
1.4889 1.42964e-31
1.89463 6.9363e-32
0.810085 1.24966e-30
2.34754 4.16584e-32
0.747365 1.69684e-30
2.43911 3.87677e-32
0.628632 3.2981e-30
1.46511 1.50634e-31
1.39524 1.76939e-31
1.62305 1.0886e-31
1.39475 1.77144e-31
2.79451 3.20128e-32
2.6371 3.42685e-32
1.52319 1.32875e-31
2.0911 5.37733e-32
0.635163 3.16892e-30
1.44335 1.58183e-31
0.99145 5.88587e-31
2.08907 5.38997e-32
2.0369 5.73733e-32
0.702262 2.15279e-30
1.95022 6.41809e-32
0.740093 1.76131e-30
2.65991 3.38773e-32
2.18729 4.83926e-32
0.593325 4.12609e-30
0.93746 7.23478e-31
0.639197 3.09234e-30
1.78674 8.17452e-32
0.356955 3.03341e-29
0.726549 1.89004e-30
1.85243 7.38044e-32
2.14655 5.05282e-32
1.89405 6.94206e-32
0.859035 1.00197e-30
1.2496 2.57396e-31
0.317755 4.80945e-29
1.2423 2.62682e-31
0.980731 6.12546e-31
1.56015 1.23138e-31
2.11477 5.23376e-32
2.48845 3.74423e-32
1.37769 1.84575e-31
1.92571 6.63787e-32
0.368898 2.66311e-29
1.93667 6.53801e-32
1.23379 2.69031e-31
1.05563 4.68307e-31
1.70404 9.39173e-32
2.37991 4.05677e-32
1.60221 1.13299e-31
1.73125 8.96083e-32
0.641844 3.04338e-30
1.01153 5.4694e-31
2.32242 4.25613e-32
1.42823 1.63756e-31
0.403974 1.86022e-29
0.983882 6.05373e-31
1.47045 1.4886e-31
1.7536 8.63004e-32
0.463832 1.07971e-29
0.382985 2.29644e-29
1.01174 5.46536e-31
1.27347 2.4111e-31
2.41447 3.94877e-32
1.76709 8.4398e-32
1.19853 2.97717e-31
2.20044 4.77445e-32
2.67122 3.36919e-32
0.486906 8.92411e-30
0.704974 2.12121e-30
2.21848 4.68857e-32
1.30437 2.22071e-31
2.24282 4.57809e-32
2.38155 4.05146e-32
1.68567 9.70154e-32
0.970373 6.36938e-31
1.35433 1.95483e-31
2.80201 3.19296e-32
2.17053 4.92474e-32
2.56115 3.57472e-32
1.48327 1.44727e-31
2.24667 4.56117e-32
1.91848 6.70521e-32
0.884529 8.98066e-31
0.751809 1.65893e-30
1.4549 1.54111e-31
0.660459 2.72558e-30
2.51877 3.66997e-32
0.800701 1.30595e-30
1.31117 2.18166e-31
2.05864 5.58741e-32
1.29289 2.28889e-31
2.19526 4.79974e-32
1.82632 7.68004e-32
0.567255 4.91353e-30
2.32013 4.26461e-32
1.28227 2.35459e-31
0.46781 1.0441e-29
1.91888 6.70146e-32
2.51191 3.68631e-32
1.02169 5.27348e-31
1.98918 6.09459e-32
2.04945 5.64987e-32
0.993406 5.84349e-31
1.26921 2.43908e-31
1.69107 9.6088e-32
0.851807 1.03425e-30
0.408868 1.77393e-29
2.76623 3.23452e-32
1.87462 7.14105e-32
1.39761 1.75943e-31
1.2071 2.90371e-31
1.95779 6.35283e-32
1.3236 2.11271e-31
2.03431 5.7557e-32
1.82258 7.72454e-32
2.39904 3.99594e-32
0.831605 1.13196e-30
0.978531 6.17623e-31
1.3277 2.09061e-31
2.00387 5.98026e-32
0.314186 5.02985e-29
0.630039 3.26971e-30
2.68126 3.35319e-32
2.4451 3.85986e-32
1.02388 5.23249e-31
2.208 4.73801e-32
1.92889 6.60858e-32
1.32663 2.09636e-31
1.28866 2.31477e-31
0.556962 5.27668e-30
2.05413 5.61789e-32
1.40149 1.74326e-31
0.860699 9.94723e-31
1.91368 6.75062e-32
0.742339 1.74107e-30
1.35418 1.95558e-31
1.88345 7.04935e-32
0.352486 3.18849e-29
2.11518 5.23132e-32
1.1948 3.00991e-31
0.638122 3.11253e-30
2.66668 3.37656e-32
1.26239 2.48484e-31
1.67098 9.96082e-32
0.793861 1.34906e-30
2.32349 4.25217e-32
0.850415 1.04063e-30
2.48814 3.74499e-32
0.35765 3.01015e-29
1.63864 1.05711e-31
2.66307 3.38249e-32
2.29181 4.37321e-32
1.53947 1.28449e-31
1.50219 1.38924e-31
0.734352 1.81445e-30
1.88707 7.01238e-32
0.5098 7.45425e-30
0.964608 6.5107e-31
1.10871 3.92447e-31
2.39315 4.01439e-32
0.412953 1.70573e-29
1.54155 1.27899e-31
2.21602 4.70008e-32
1.62063 1.09363e-31
1.63768 1.05901e-31
1.79686 8.04313e-32
0.968151 6.42338e-31
2.46906 3.79451e-32
0.32096 4.62178e-29
2.44928 3.8482e-32
1.68596 9.69653e-32
1.55182 1.25236e-31
2.35199 4.15038e-32
0.405918 1.82532e-29
2.08409 5.42133e-32
1.03969 4.94869e-31
1.2198 2.79941e-31
1.88923 6.9905e-32
1.70032 9.45323e-32
2.08002 5.44727e-32
1.62963 1.07513e-31
2.67981 3.35548e-32
2.64604 3.41124e-32
2.42472 3.91833e-32
2.03453 5.75414e-32
1.45562 1.53861e-31
1.3903 1.7904e-31
2.59417 3.50698e-32
2.63059 3.43845e-32
2.41508 3.94694e-32
2.255 4.52504e-32
0.841967 1.08041e-30
1.24016 2.64256e-31
1.37238 1.86978e-31
2.65791 3.39107e-32
1.69939 9.46867e-32
2.0989 5.3291e-32
1.93379 6.56394e-32
2.70253 3.32072e-32
1.67158 9.95e-32
1.50617 1.37747e-31
0.85236 1.03174e-30
1.32866 2.08552e-31
2.76205 3.23968e-32
2.34596 4.17139e-32
1.16684 3.27193e-31
1.45693 1.53411e-31
2.34283 4.18238e-32
1.4183 1.67571e-31
1.15714 3.37003e-31
0.762677 1.57072e-30
2.36439 4.10809e-32
1.65277 1.02974e-31
2.52628 3.6524e-32
0.982778 6.07872e-31
2.25405 4.52913e-32
2.82111 3.17272e-32
1.87587 7.1279e-32
1.45952 1.52522e-31
2.8011 3.19396e-32
1.0543 4.70451e-31
0.644223 3.00021e-30
2.81009 3.18424e-32
2.65868 3.38978e-32
2.20187 4.7675e-32
1.94633 6.45214e-32
2.22548 4.65618e-32
1.74154 8.80611e-32
2.38282 4.04735e-32
2.80016 3.19499e-32
1.18928 3.05931e-31
2.68141 3.35296e-32
1.4409 1.59067e-31
0.664654 2.65989e-30
0.567918 4.89123e-30
0.594563 4.09282e-30
1.00669 5.56604e-31
1.18288 3.11799e-31
2.08234 5.43248e-32
1.13088 3.65646e-31
0.658128 2.76297e-30
2.25 4.54666e-32
1.17004 3.24035e-31
0.353717 3.14481e-29
2.41383 3.9507e-32
2.54956 3.59982e-32
1.42796 1.63862e-31
2.08523 5.41412e-32
1.29942 2.24978e-31
2.21315 4.71359e-32
2.14646 5.05332e-32
0.321526 4.58962e-29
0.676846 2.48016e-30
0.751645 1.66031e-30
1.86527 7.2403e-32
2.75587 3.24744e-32
1.65282 1.02965e-31
1.65481 1.02589e-31
1.89095 6.97313e-32
2.09679 5.34209e-32
0.747467 1.69596e-30
2.51997 3.66714e-32
1.17783 3.16535e-31
2.60219 3.49135e-32
1.9384 6.52248e-32
1.51984 1.33812e-31
0.792237 1.35957e-30
2.62873 3.4418e-32
2.69187 3.33677e-32
0.561497 5.1126e-30
0.449274 1.22388e-29
1.26342 2.47786e-31
2.81078 3.1835e-32
0.75176 1.65934e-30
0.67233 2.54487e-30
2.25463 4.52663e-32
1.75298 8.63893e-32
0.937198 7.24228e-31
1.37098 1.87616e-31
0.462577 1.09127e-29
0.994067 5.82926e-31
2.54135 3.61803e-32
0.452053 1.19457e-29
0.746999 1.70001e-30
1.18898 3.06205e-31
2.37963 4.05769e-32
2.08782 5.39782e-32
1.06182 4.58495e-31
1.85469 7.35537e-32
2.02751 5.80451e-32
2.52393 3.65787e-32
1.34928 1.97963e-31
2.2475 4.55754e-32
0.598903 3.97893e-30
2.77541 3.2234e-32
1.31854 2.14038e-31
2.79006 3.20631e-32
0.72596 1.89591e-30
2.77986 3.21812e-32
2.29586 4.35726e-32
1.64857 1.03776e-31
0.850359 1.04089e-30
0.786474 1.39771e-30
1.20346 2.93464e-31
1.91388 6.74878e-32
2.49555 3.72636e-32
1.15609 3.38091e-31
1.13781 3.57775e-31
2.28742 4.39064e-32
1.69199 9.59317e-32
0.437679 1.35649e-29
1.36417 1.90782e-31
0.320917 4.62427e-29
0.675542 2.49862e-30
0.546909 5.66496e-30
0.318006 4.79441e-29
2.2557 4.52202e-32
1.21629 2.82772e-31
1.7298 8.98306e-32
2.19979 4.77759e-32
2.46565 3.8036e-32
0.86447 9.78554e-31
0.798365 1.32047e-30
2.80125 3.19379e-32
0.965006 6.50083e-31
2.44699 3.85456e-32
1.73726 8.86999e-32
2.72636 3.28658e-32
1.20851 2.89191e-31
2.5535 3.59121e-32
0.832149 1.12918e-30
1.54586 1.26773e-31
0.679568 2.44218e-30
1.58613 1.16915e-31
2.72169 3.29308e-32
0.471365 1.01353e-29
0.754981 1.63254e-30
1.4491 1.56138e-31
0.675406 2.50057e-30
1.29006 2.30616e-31
2.49247 3.73407e-32
1.77545 8.32521e-32
0.662868 2.6876e-30
0.570123 4.81801e-30
2.70874 3.31161e-32
1.99145 6.0767e-32
2.03242 5.76919e-32
1.12871 3.68157e-31
0.522673 6.76163e-30
0.428651 1.4725e-29
2.63098 3.43775e-32
2.58179 3.53175e-32
1.89625 6.92021e-32
1.41723 1.67991e-31
1.4114 1.703e-31
1.21281 2.85616e-31
2.51561 3.67746e-32
1.99666 6.03587e-32
1.99062 6.08323e-32
2.65709 3.39244e-32
1.8005 7.99677e-32
0.621605 3.44472e-30
1.80063 7.9951e-32
2.25062 4.54397e-32
0.448539 1.2318e-29
0.862224 9.88144e-31
1.55058 1.25553e-31
0.475994 9.75386e-30
1.97438 6.21389e-32
1.29658 2.2667e-31
1.26951 2.43706e-31
2.2697 4.46288e-32
0.679203 2.44723e-30
1.13138 3.65067e-31
2.65789 3.3911e-32
1.30922 2.19278e-31
1.75906 8.55218e-32
2.39214 4.01757e-32
1.79026 8.12841e-32
2.80805 3.18641e-32
1.13215 3.64187e-31
1.26614 2.45953e-31
0.942182 7.10149e-31
2.46824 3.79669e-32
1.15435 3.399e-31
1.00515 5.59732e-31
2.3921 4.0177e-32
1.93482 6.55462e-32
2.33923 4.19515e-32
2.3332 4.21674e-32
0.640002 3.07735e-30
1.57082 1.20524e-31
2.1148 5.23357e-32
0.796841 1.33006e-30
1.75639 8.5901e-32
2.80754 3.18697e-32
1.14376 3.51203e-31
1.16747 3.26568e-31
1.70518 9.37308e-32
2.62239 3.45333e-32
1.52736 1.3172e-31
0.703591 2.13724e-30
0.718751 1.96967e-30
0.516021 7.10884e-30
1.95743 6.35591e-32
1.6434 1.04777e-31
2.44057 3.87262e-32
2.60361 3.48861e-32
1.52674 1.3189e-31
1.81861 7.77237e-32
2.6445 3.41389e-32
0.630036 3.26977e-30
2.79619 3.19939e-32
2.66377 3.38134e-32
0.524592 6.66548e-30
1.25256 2.55294e-31
2.20999 4.72856e-32
1.71471 9.21898e-32
1.39837 1.75626e-31
1.91337 6.75358e-32
2.65394 3.39774e-32
0.837153 1.10397e-30
0.550416 5.5255e-30
0.678353 2.45903e-30
1.39262 1.7805e-31
1.18148 3.13102e-31
2.54478 3.61038e-32
2.59286 3.50957e-32
2.67142 3.36886e-32
1.34781 1.98691e-31
2.09152 5.37469e-32
2.03899 5.7226e-32
1.55838 1.2358e-31
0.722989 1.92587e-30
1.024 5.23027e-31
2.79497 3.20076e-32
1.74976 8.68548e-32
2.0978 5.33588e-32
2.57506 3.54552e-32
1.75367 8.6291e-32
0.918285 7.81113e-31
2.69872 3.3264e-32
1.57583 1.19326e-31
0.971917 6.33221e-31
1.93273 6.57355e-32
2.43522 3.88787e-32
1.72269 9.09299e-32
2.02997 5.78678e-32
0.939456 7.17803e-31
2.58445 3.52636e-32
1.80432 7.94861e-32
2.17809 4.88577e-32
1.9775 6.18841e-32
2.15478 5.00809e-32
1.30557 2.21378e-31
2.60002 3.49555e-32
2.48005 3.76573e-32
1.16415 3.29873e-31
2.34584 4.1718e-32
0.96297 6.55162e-31
1.33054 2.07554e-31
2.7573 3.24564e-32
1.72016 9.13267e-32
1.89929 6.89003e-32
0.53771 6.05253e-30
2.78386 3.21345e-32
1.26761 2.44974e-31
0.900974 8.38422e-31
1.4931 1.41667e-31
0.751428 1.66214e-30
0.448398 1.23332e-29
0.541104 5.90575e-30
2.77808 3.22021e-32
1.7464 8.7344e-32
0.404477 1.85113e-29
2.68668 3.34474e-32
1.91092 6.77701e-32
1.36846 1.88781e-31
0.660512 2.72473e-30
0.379742 2.37491e-29
2.63546 3.42974e-32
1.82499 7.69581e-32
1.18055 3.13973e-31
0.529847 6.41088e-30
2.35457 4.14148e-32
2.69815 3.32727e-32
0.884955 8.96455e-31
0.563479 5.04295e-30
0.700563 2.17287e-30
1.26136 2.49187e-31
2.08199 5.43468e-32
2.16607 4.94804e-32
1.74434 8.76469e-32
2.55838 3.58065e-32
0.940857 7.13856e-31
2.0641 5.55098e-32
1.77315 8.35645e-32
1.05596 4.67776e-31
2.51528 3.67826e-32
1.35341 1.9593e-31
0.634358 3.18449e-30
1.12141 3.7678e-31
1.66661 1.00401e-31
1.95368 6.38812e-32
1.2075 2.90038e-31
1.67232 9.93664e-32
0.344004 3.51132e-29
0.529523 6.42624e-30
0.599558 3.96209e-30
2.73419 3.27587e-32
1.19018 3.05123e-31
0.971593 6.34e-31
0.940851 7.13872e-31
1.94232 6.48751e-32
2.27542 4.43927e-32
0.428522 1.47426e-29
2.38513 4.03991e-32
2.19405 4.80572e-32
0.498568 8.13361e-30
1.33481 2.0531e-31
0.70761 2.09109e-30
2.67822 3.358e-32
2.39623 4.00474e-32
2.1174 5.21824e-32
1.29467 2.27815e-31
1.38072 1.83221e-31
1.60945 1.11728e-31
1.53113 1.30687e-31
1.18977 3.0549e-31
2.59631 3.50279e-32
0.671712 2.55389e-30
1.10367 3.98914e-31
1.27193 2.42116e-31
0.3824 2.31034e-29
1.11697 3.82161e-31
2.0008 6.00381e-32
2.34937 4.15948e-32
1.18137 3.13202e-31
2.42075 3.93004e-32
2.68986 3.33983e-32
1.10751 3.93972e-31
2.22258 4.66952e-32
0.637984 3.11512e-30
0.842048 1.08003e-30
1.37557 1.8553e-31
1.73825 8.85506e-32
1.04723 4.82069e-31
2.62263 3.45289e-32
2.44535 3.85916e-32
2.04666 5.66909e-32
1.5443 1.27179e-31
1.2927 2.29006e-31
2.59722 3.50101e-32
0.43235 1.42351e-29
1.97921 6.17449e-32
1.08985 4.17376e-31
1.69054 9.6178e-32
0.777085 1.46288e-30
1.45835 1.52923e-31
2.3052 4.32098e-32
2.36871 4.09361e-32
2.4268 3.91222e-32
1.46193 1.51704e-31
0.848843 1.04788e-30
0.797578 1.32541e-30
1.118 3.80912e-31
2.25259 4.53543e-32
0.644113 3.0022e-30
0.940867 7.13828e-31
1.51885 1.34093e-31
1.18523 3.0963e-31
0.977382 6.20296e-31
0.760767 1.58578e-30
0.881668 9.09006e-31
1.63852 1.05734e-31
2.35056 4.15534e-32
0.810009 1.2501e-30
1.51258 1.35882e-31
2.60423 3.48742e-32
2.55007 3.59869e-32
0.909351 8.10024e-31
1.81924 7.76483e-32
1.59547 1.14795e-31
1.17406 3.20136e-31
2.59374 3.50784e-32
1.4675 1.49836e-31
2.2423 4.58039e-32
1.05579 4.68045e-31
1.99174 6.07439e-32
0.405701 1.82919e-29
0.834456 1.11747e-30
2.54027 3.62045e-32
1.51401 1.3547e-31
2.29072 4.3775e-32
2.21655 4.69758e-32
1.43148 1.62536e-31
2.72503 3.28843e-32
2.63293 3.43426e-32
1.88714 7.01173e-32
0.977142 6.20857e-31
1.53308 1.30161e-31
0.516265 7.09571e-30
0.471364 1.01353e-29
0.886473 8.90732e-31
1.34467 2.0026e-31
0.936278 7.26866e-31
1.54084 1.28086e-31
1.37165 1.87309e-31
1.11192 3.88409e-31
0.387661 2.18894e-29
0.98934 5.93204e-31
1.3639 1.90904e-31
1.03341 5.05904e-31
1.83292 7.60239e-32
1.21812 2.81288e-31
0.592502 4.14837e-30
2.56685 3.56263e-32
1.15268 3.41647e-31
0.717753 1.98017e-30
2.67891 3.3569e-32
2.49215 3.73487e-32
0.375818 2.47444e-29
1.25293 2.55031e-31
2.41788 3.93857e-32
0.58524 4.35188e-30
2.37738 4.065e-32
2.45923 3.8209e-32
1.19521 3.00636e-31
1.2542 2.54143e-31
0.802014 1.29788e-30
0.331722 4.05533e-29
1.88693 7.01386e-32
1.47369 1.47799e-31
2.29315 4.3679e-32
0.625728 3.35772e-30
2.81644 3.17754e-32
0.715267 2.00664e-30
1.05034 4.76912e-31
1.05565 4.68275e-31
0.750663 1.6686e-30
2.1374 5.10357e-32
0.726196 1.89355e-30
1.80933 7.8861e-32
2.6151 3.46682e-32
0.52894 6.45396e-30
0.373622 2.53244e-29
2.32564 4.24425e-32
1.74364 8.77509e-32
1.92827 6.61428e-32
1.82685 7.67377e-32
2.50639 3.69964e-32
2.47106 3.78923e-32
0.961801 6.58102e-31
1.70656 9.3505e-32
0.455891 1.15552e-29
1.40903 1.71249e-31
2.63064 3.43835e-32
1.36993 1.88101e-31
1.0677 4.4944e-31
0.896491 8.54154e-31
0.864582 9.7808e-31
2.25659 4.51822e-32
0.767437 1.53399e-30
0.53258 6.28335e-30
0.321314 4.60163e-29
2.25928 4.50671e-32
2.38782 4.0313e-32
2.14023 5.08778e-32
2.32354 4.25198e-32
0.836198 1.10873e-30
0.624272 3.3881e-30
0.478375 9.56476e-30
1.0622 4.57913e-31
1.70928 9.3063e-32
2.25624 4.51973e-32
0.616324 3.5604e-30
2.01219 5.9173e-32
2.45062 3.84448e-32
1.04692 4.82575e-31
2.80158 3.19344e-32
2.40509 3.97726e-32
1.32801 2.08895e-31
1.03162 5.09093e-31
2.35423 4.14267e-32
1.70649 9.35168e-32
1.41677 1.6817e-31
2.23069 4.63241e-32
2.13922 5.09339e-32
0.460692 1.10892e-29
0.620093 3.47735e-30
2.32845 4.23399e-32
2.36899 4.09269e-32
2.20446 4.75499e-32
1.99255 6.06806e-32
2.786 3.21097e-32
0.935953 7.27802e-31
2.77225 3.22718e-32
2.5826 3.5301e-32
2.23981 4.59142e-32
1.13951 3.55884e-31
1.32134 2.12502e-31
1.40156 1.74301e-31
2.12828 5.15522e-32
2.48576 3.75106e-32
2.47491 3.7791e-32
0.48028 9.41676e-30
0.87373 9.40276e-31
0.405157 1.8389e-29
2.21554 4.70232e-32
0.488199 8.83184e-30
2.29683 4.35345e-32
0.71253 2.03631e-30
2.00392 5.97991e-32
0.55874 5.21159e-30
0.330701 4.10519e-29
2.00668 5.95883e-32
0.89745 8.50757e-31
1.50498 1.38097e-31
0.900229 8.41011e-31
1.96464 6.29478e-32
1.71853 9.15835e-32
0.451816 1.19703e-29
0.741179 1.75149e-30
1.86854 7.20532e-32
1.98702 6.11179e-32
1.15002 3.44464e-31
2.24206 4.58146e-32
2.80891 3.1855e-32
2.31092 4.29915e-32
0.528922 6.45481e-30
0.411007 1.7378e-29
2.33461 4.21168e-32
1.68954 9.63494e-32
0.811232 1.243e-30
0.408939 1.77272e-29
1.27856 2.3782e-31
2.06563 5.54082e-32
0.46829 1.03991e-29
1.27049 2.43063e-31
1.84626 7.4494e-32
2.15231 5.0214e-32
2.30904 4.30631e-32
0.509408 7.47675e-30
2.01989 5.86006e-32
1.68486 9.71548e-32
1.28807 2.31844e-31
0.984238 6.04567e-31
2.24521 4.56757e-32
0.463871 1.07936e-29
2.49414 3.72988e-32
0.864885 9.76798e-31
1.89845 6.89836e-32
0.802759 1.29333e-30
2.216 4.70016e-32
0.887053 8.88561e-31
2.35551 4.13824e-32
1.71447 9.22287e-32
1.12947 3.67279e-31
1.96246 6.31315e-32
1.23559 2.67669e-31
1.71667 9.18771e-32
0.33687 3.81526e-29
1.75354 8.63093e-32
2.78473 3.21244e-32
0.910702 8.05564e-31
2.4071 3.9711e-32
0.622431 3.42705e-30
1.08329 4.26546e-31
0.667062 2.62311e-30
2.23036 4.63389e-32
1.83441 7.58504e-32
1.18833 3.06794e-31
2.26399 4.4868e-32
1.00012 5.70105e-31
1.87046 7.18482e-32
1.71573 9.20269e-32
0.483742 9.15518e-30
1.83359 7.59456e-32
0.798475 1.31979e-30
2.33792 4.19983e-32
1.12119 3.7705e-31
1.53175 1.30521e-31
1.26884 2.44153e-31
0.672114 2.54801e-30
2.00324 5.98509e-32
1.54245 1.27663e-31
2.40959 3.96352e-32
1.942 6.49033e-32
1.6696 9.98569e-32
2.53045 3.64275e-32
0.581408 4.46442e-30
1.12832 3.68619e-31
0.654527 2.82203e-30
1.14595 3.48823e-31
0.555544 5.32937e-30
0.635856 3.1556e-30
1.44987 1.55866e-31
2.55753 3.5825e-32
2.71828 3.29791e-32
1.1972 2.98882e-31
0.404811 1.84511e-29
2.45903 3.82143e-32
0.973963 6.28341e-31
2.25833 4.51076e-32
1.78107 8.24958e-32
1.22806 2.73428e-31
1.1941 3.01612e-31
2.70508 3.31696e-32
1.11227 3.87972e-31
1.30933 2.19215e-31
1.49749 1.40333e-31
0.521581 6.81713e-30
0.760685 1.58643e-30
1.5398 1.28363e-31
1.19013 3.05163e-31
1.65968 1.01678e-31
2.72934 3.28248e-32
1.32257 2.11831e-31
2.56037 3.5764e-32
2.59049 3.51426e-32
1.20329 2.93606e-31
1.84744 7.43612e-32
1.96682 6.27658e-32
0.896122 8.55465e-31
1.66383 1.00909e-31
0.728288 1.87285e-30
1.69532 9.53679e-32
0.383721 2.27908e-29
2.43843 3.8787e-32
0.694513 2.24639e-30
2.68965 3.34017e-32
2.46414 3.80764e-32
1.06581 4.52324e-31
0.957124 6.70041e-31
2.61017 3.4761e-32
1.42525 1.64888e-31
2.49214 3.7349e-32
0.775686 1.47293e-30
1.1824 3.12245e-31
1.0488 4.79456e-31
1.11603 3.83315e-31
1.21968 2.80033e-31
1.23836 2.65598e-31
1.34007 2.02596e-31
2.0964 5.34447e-32
0.327907 4.2456e-29
0.357142 3.02714e-29
2.75242 3.25184e-32
0.774862 1.47888e-30
2.58456 3.52614e-32
1.74865 8.70159e-32
1.34586 1.99664e-31
0.375907 2.47213e-29
2.23714 4.60332e-32
1.53703 1.29097e-31
2.42221 3.92572e-32
2.04278 5.69604e-32
2.08712 5.40225e-32
2.15237 5.0211e-32
0.391263 2.11044e-29
0.418632 1.61632e-29
0.449749 1.21881e-29
0.801118 1.30338e-30
2.34678 4.1685e-32
2.07284 5.49356e-32
2.18438 4.85386e-32
0.728578 1.87e-30
1.28749 2.32202e-31
2.27899 4.42466e-32
0.843915 1.07107e-30
2.56844 3.5593e-32
0.380066 2.36692e-29
0.973487 6.29473e-31
0.333911 3.95101e-29
2.47235 3.78582e-32
2.32117 4.26076e-32
1.12591 3.71441e-31
1.73266 8.93941e-32
0.59063 4.19967e-30
1.36997 1.88082e-31
0.508088 7.55306e-30
2.70925 3.31087e-32
1.78346 8.21787e-32
2.33979 4.19314e-32
1.65031 1.03444e-31
2.20034 4.77494e-32
1.14249 3.52588e-31
1.9402 6.50639e-32
0.412998 1.705e-29
1.25498 2.53592e-31
2.1775 4.88879e-32
0.640382 3.07031e-30
1.02542 5.20398e-31
2.61361 3.46961e-32
1.22945 2.72353e-31
2.69267 3.33554e-32
1.95329 6.39148e-32
1.11937 3.7924e-31
1.58154 1.1798e-31
2.70269 3.3205e-32
0.961527 6.58793e-31
2.36473 4.10694e-32
2.34701 4.1677e-32
0.80608 1.27329e-30
0.986032 6.00539e-31
1.33786 2.03728e-31
2.02267 5.83968e-32
2.76581 3.23502e-32
2.282 4.41246e-32
1.70651 9.35129e-32
2.17889 4.88169e-32
2.45067 3.84435e-32
1.24921 2.57676e-31
2.53136 3.64067e-32
0.381647 2.32841e-29
2.39841 3.9979e-32
1.86849 7.20586e-32
2.64967 3.405e-32
2.6126 3.47152e-32
0.344966 3.47271e-29
2.70069 3.32346e-32
2.40053 3.99131e-32
2.17811 4.88568e-32
0.969756 6.38431e-31
2.19199 4.8159e-32
0.395812 2.01629e-29
0.317049 4.85208e-29
0.764408 1.55723e-30
1.41425 1.69166e-31
1.32193 2.12178e-31
1.31658 2.15129e-31
1.28733 2.32297e-31
2.61325 3.47029e-32
0.455702 1.15741e-29
2.3902 4.02372e-32
2.33732 4.20195e-32
2.58529 3.52467e-32
2.81752 3.17642e-32
1.31485 2.16093e-31
1.17921 3.15236e-31
0.722216 1.93377e-30
0.941351 7.12472e-31
1.08638 4.22189e-31
2.25878 4.50885e-32
0.534222 6.2083e-30
0.838507 1.09728e-30
2.38664 4.03508e-32
0.945897 6.99888e-31
2.02056 5.85516e-32
1.28606 2.33087e-31
1.57158 1.20341e-31
2.60805 3.48012e-32
1.05845 4.63797e-31
2.48838 3.74438e-32
1.07643 4.36413e-31
1.2157 2.83247e-31
1.31399 2.16573e-31
1.71497 9.2149e-32
0.767288 1.53512e-30
1.40311 1.73659e-31
1.82959 7.6414e-32
0.988232 5.95648e-31
0.404367 1.8531e-29
1.48704 1.4354e-31
2.69051 3.33884e-32
1.4857 1.43962e-31
0.462682 1.0903e-29
2.25449 4.52723e-32
2.43627 3.88486e-32
1.49653 1.40622e-31
0.420948 1.58155e-29
2.78599 3.21098e-32
1.21798 2.81404e-31
0.804163 1.28481e-30
2.68631 3.34531e-32
0.780645 1.43772e-30
0.409439 1.76419e-29
2.68921 3.34084e-32
1.40557 1.72653e-31
1.53222 1.30393e-31
1.54004 1.283e-31
2.17803 4.88612e-32
1.11383 3.86025e-31
0.673699 2.52503e-30
2.44078 3.87201e-32
1.13932 3.56092e-31
0.634856 3.17485e-30
2.13207 5.13365e-32
1.52766 1.31637e-31
0.793373 1.35221e-30
2.56285 3.57111e-32
1.55982 1.2322e-31
2.49738 3.7218e-32
1.02523 5.20743e-31
1.25929 2.50603e-31
1.23067 2.71415e-31
1.34496 2.00115e-31
1.31213 2.17624e-31
0.564435 5.00979e-30
0.812508 1.23564e-30
1.67054 9.96871e-32
0.97933 6.15772e-31
2.68568 3.34629e-32
0.930812 7.42809e-31
1.37695 1.84907e-31
0.727044 1.88512e-30
2.57979 3.53581e-32
2.70187 3.32171e-32
0.672945 2.53593e-30
0.795326 1.33968e-30
1.01426 5.41579e-31
0.413734 1.69307e-29
2.68899 3.34118e-32
0.855232 1.01879e-30
1.31201 2.17688e-31
1.84484 7.46545e-32
2.21971 4.68282e-32
0.42933 1.46335e-29
0.926351 7.56158e-31
1.80936 7.88573e-32
2.58868 3.51786e-32
2.60597 3.48409e-32
1.49599 1.40788e-31
1.67633 9.86503e-32
0.356472 3.04972e-29
1.82187 7.73314e-32
0.471505 1.01235e-29
0.578429 4.55446e-30
1.60861 1.11907e-31
2.45737 3.82595e-32
1.42587 1.64654e-31
1.42204 1.6612e-31
2.21638 4.69838e-32
1.39626 1.7651e-31
0.794095 1.34756e-30
0.639823 3.08067e-30
1.24332 2.61932e-31
2.37401 4.07607e-32
0.791086 1.36708e-30
1.77931 8.27322e-32
1.93601 6.54392e-32
1.65499 1.02556e-31
2.22109 4.67642e-32
2.09489 5.35377e-32
0.578927 4.53925e-30
2.7152 3.30228e-32
0.954885 6.75858e-31
1.01133 5.47344e-31
2.35283 4.14749e-32
1.6734 9.91726e-32
2.33867 4.19715e-32
0.642416 3.03293e-30
1.50417 1.38337e-31
0.838313 1.09824e-30
0.644225 3.00017e-30
0.639722 3.08256e-30
1.7308 8.96779e-32
0.992961 5.85311e-31
1.86246 7.27052e-32
2.2662 4.47752e-32
2.0029 5.98769e-32
2.7132 3.30515e-32
2.15316 5.01683e-32
2.32687 4.23975e-32
2.07728 5.46483e-32
2.33883 4.19657e-32
1.51441 1.35356e-31
1.09946 4.04417e-31
0.760823 1.58533e-30
2.41536 3.9461e-32
0.390774 2.12088e-29
0.584515 4.37291e-30
1.44577 1.57319e-31
2.7001 3.32435e-32
0.435319 1.38567e-29
0.610518 3.69335e-30
1.55366 1.24769e-31
0.345099 3.46741e-29
0.816902 1.21073e-30
0.509669 7.46179e-30
1.01164 5.46731e-31
0.89861 8.46671e-31
2.31519 4.28307e-32
1.75882 8.55567e-32
2.74716 3.25864e-32
2.75736 3.24556e-32
2.15926 4.98408e-32
0.436538 1.3705e-29
0.925866 7.57631e-31
1.68377 9.73434e-32
0.890479 8.75866e-31
1.79255 8.09867e-32
2.54959 3.59976e-32
1.66355 1.0096e-31
1.5994 1.1392e-31
2.52044 3.66603e-32
0.338691 3.73463e-29
1.28444 2.341e-31
1.58062 1.18196e-31
1.48028 1.45673e-31
0.801439 1.3014e-30
1.83431 7.58619e-32
1.55309 1.24913e-31
1.3306 2.07523e-31
2.07953 5.45039e-32
2.00435 5.97663e-32
1.07483 4.38772e-31
2.66026 3.38715e-32
2.22995 4.63578e-32
0.323105 4.50131e-29
2.32806 4.2354e-32
1.69258 9.58305e-32
2.68525 3.34697e-32
1.02968 5.12601e-31
1.74034 8.8239e-32
1.15012 3.44356e-31
2.63039 3.43881e-32
1.51159 1.36168e-31
1.67608 9.8696e-32
2.13517 5.11611e-32
1.49493 1.41109e-31
0.539876 5.95834e-30
2.00801 5.94875e-32
2.17497 4.9018e-32
1.91929 6.69763e-32
2.43582 3.88615e-32
1.31332 2.16948e-31
1.35799 1.93715e-31
2.31396 4.28767e-32
2.18716 4.83991e-32
0.824402 1.16969e-30
1.12243 3.75559e-31
2.61467 3.46763e-32
2.6052 3.48556e-32
2.31663 4.27767e-32
1.31889 2.13848e-31
2.06958 5.51482e-32
1.83268 7.60513e-32
1.99015 6.08696e-32
1.39374 1.77571e-31
0.336964 3.81103e-29
2.66954 3.3719e-32
1.71377 9.23397e-32
2.55349 3.59124e-32
2.7354 3.27423e-32
0.400206 1.93031e-29
2.11849 5.2119e-32
2.66183 3.38454e-32
1.40623 1.72383e-31
1.31804 2.14317e-31
2.11068 5.25798e-32
2.5404 3.62015e-32
2.03696 5.73691e-32
2.79182 3.20431e-32
1.94426 6.47037e-32
2.52516 3.65499e-32
2.24793 4.55567e-32
1.37414 1.86174e-31
1.81318 7.83853e-32
2.11257 5.24677e-32
1.91473 6.74066e-32
1.04833 4.80235e-31
1.3078 2.20092e-31
2.51672 3.67484e-32
0.6483 2.92804e-30
0.785761 1.40253e-30
2.56835 3.55949e-32
1.85686 7.33157e-32
1.83428 7.58656e-32
0.674276 2.51672e-30
0.374195 2.51714e-29
1.44764 1.56653e-31
1.99343 6.0611e-32
1.22004 2.79747e-31
2.12947 5.1484e-32
1.8049 7.94126e-32
2.43269 3.89513e-32
0.610526 3.69317e-30
1.55545 1.24315e-31
1.46347 1.51184e-31
0.804217 1.28448e-30
0.850108 1.04204e-30
1.73205 8.94865e-32
1.93366 6.56515e-32
1.53097 1.30734e-31
0.797403 1.32651e-30
1.80899 7.89022e-32
1.87706 7.11549e-32
1.85445 7.35801e-32
0.772509 1.49607e-30
1.94792 6.43821e-32
0.884108 8.99668e-31
2.02791 5.80158e-32
2.20109 4.77131e-32
1.47845 1.4626e-31
1.81959 7.76056e-32
1.4873 1.43462e-31
2.78534 3.21172e-32
1.84255 7.49148e-32
0.350037 3.27775e-29
1.0888 4.1882e-31
0.961799 6.58107e-31
2.25384 4.53004e-32
2.038 5.72954e-32
1.26757 2.44996e-31
1.3668 1.8955e-31
2.43896 3.87718e-32
2.5812 3.53294e-32
0.66766 2.61407e-30
2.37545 4.07135e-32
1.74067 8.81895e-32
2.81248 3.1817e-32
2.16292 4.96465e-32
0.752551 1.65271e-30
2.48819 3.74488e-32
1.21115 2.86987e-31
2.67904 3.3567e-32
1.55021 1.25649e-31
0.457901 1.13572e-29
1.22351 2.76988e-31
2.06778 5.52663e-32
2.35107 4.15355e-32
0.67143 2.55801e-30
1.08898 4.18572e-31
0.385014 2.24899e-29
2.0126 5.91424e-32
1.32101 2.12683e-31
0.860145 9.97128e-31
1.42672 1.64329e-31
2.45824 3.82359e-32
0.460051 1.115e-29
0.572611 4.73708e-30
1.80806 7.90178e-32
1.99742 6.03001e-32
2.17983 4.87693e-32
0.666028 2.63882e-30
1.06976 4.46315e-31
1.59685 1.14486e-31
1.0202 5.30173e-31
2.50409 3.70526e-32
1.2296 2.72239e-31
1.58714 1.16684e-31
0.437478 1.35895e-29
1.97177 6.23544e-32
1.36891 1.88572e-31
2.36063 4.12077e-32
0.341016 3.6348e-29
1.23516 2.67997e-31
0.658772 2.75258e-30
2.49558 3.72629e-32
1.19098 3.04402e-31
0.965588 6.48639e-31
1.9203 6.68816e-32
0.915133 7.91156e-31
0.865778 9.73026e-31
0.617466 3.53496e-30
1.84759 7.43449e-32
0.525952 6.59838e-30
2.39029 4.02344e-32
1.5739 1.19784e-31
2.31387 4.28802e-32
0.52912 6.44538e-30
2.79453 3.20126e-32
2.03307 5.76453e-32
1.72373 9.07671e-32
0.365465 2.76341e-29
1.36024 1.92637e-31
2.34081 4.18952e-32
2.02013 5.85832e-32
1.08533 4.23667e-31
2.41348 3.95174e-32
0.694654 2.24464e-30
0.521559 6.81826e-30
1.94752 6.44168e-32
1.47847 1.46254e-31
1.25073 2.56589e-31
1.61726 1.10067e-31
1.25117 2.5628e-31
2.35184 4.1509e-32
1.54178 1.27838e-31
2.44516 3.85968e-32
2.23332 4.62051e-32
1.24712 2.59173e-31
2.66758 3.3751e-32
0.32328 4.49164e-29
1.85141 7.39177e-32
2.223 4.66758e-32
0.778663 1.45166e-30
1.81591 7.80519e-32
1.94847 6.43337e-32
1.11685 3.82314e-31
0.727972 1.87596e-30
1.2849 2.33808e-31
2.70125 3.32262e-32
0.791976 1.36127e-30
2.6016 3.4925e-32
2.6383 3.42473e-32
1.36667 1.89611e-31
1.76732 8.43664e-32
2.40848 3.96689e-32
2.8025 3.19243e-32
1.74154 8.80609e-32
2.46999 3.79205e-32
0.908886 8.11566e-31
2.64855 3.40692e-32
